CabinetID	DataCenterID	Location	ZoneID	CabRowID
57	1	D5F	4	5
39	1	C11	7	18
38	1	C10	7	18
37	1	C8	7	18
36	1	C7	7	18
35	1	C6	7	18
34	1	C5	7	18
33	1	C4	7	18
32	1	C3	7	18
31	1	C2	7	18
30	1	C1	7	18
29	1	C0	7	18
40	1	C12	7	18
41	1	C13	7	18
55	1	D4F	4	5
53	1	D3F	4	5
51	1	D2F	4	5
49	1	D1F	4	5
48	1	C9	7	18
293	1	A1	5	0
47	1	D11	4	5
46	1	D10	4	5
45	1	D6	4	5
44	1	C16	7	18
43	1	C15	7	18
28	1	B11	7	0
42	1	C14	7	18
12	1	A12	6	20
11	1	A11-Colo	6	20
10	1	A10	7	0
9	1	A9-Colo	6	20
8	1	A8-Colo	6	20
7	1	A7-Colo	6	20
6	1	A6-Colo	6	20
5	1	A5-Colo	6	20
4	1	A4-Colo	6	20
3	1	A3-Colo	6	20
2	1	A2-Colo	6	20
13	1	A13-Colo	6	20
14	1	A14-Colo	6	20
27	1	B10	7	0
26	1	B9	7	0
25	1	B8	6	19
24	1	B7	6	19
22	1	B5	6	19
21	1	B4	6	19
20	1	B3	6	19
19	1	B2	6	19
18	1	B1	6	19
17	1	B0	6	19
16	1	A16-Colo	6	20
15	1	A15-Colo	6	20
207	2	ITC-L12	2	13
208	2	ITC-I17	3	10
209	2	ITC-L13	2	13
210	2	ITC-L14	2	13
211	2	ITC-J1	3	11
206	2	ITC-I16	3	10
205	2	ITC-I15	3	10
204	2	ITC-I14	3	10
203	2	ITC-L11	2	13
202	2	ITC-I13	3	10
201	2	ITC-I12	3	10
200	2	ITC-I11	3	10
212	2	ITC-J2	3	11
213	2	ITC-J3	3	11
225	2	ITC-J11	3	11
224	2	ITC-O7	2	16
223	2	ITC-J10	3	11
222	2	ITC-O6	2	16
221	2	ITC-J9	3	11
220	2	ITC-J8	3	11
219	2	ITC-J7	3	11
218	2	ITC-O5	2	16
217	2	ITC-J6	3	11
216	2	ITC-J5	3	11
215	2	ITC-J4	3	11
214	2	ITC-L15	2	13
199	2	ITC-I10	3	10
198	2	ITC-I9PP	3	10
197	2	ITC-I8PP	3	10
182	2	ITC-L05	2	13
181	2	ITC-H14	3	9
180	2	ITC-L04	2	13
179	2	ITC-H13	3	9
178	2	ITC-H12	3	9
177	2	ITC-H11	3	9
175	2	ITC-H10	3	9
174	2	ITC-H9	3	9
173	2	ITC-L03	2	13
172	2	ITC-H8PP	3	9
171	2	ITC-H7PP	3	9
183	2	ITC-H15	3	9
184	2	ITC-H16	3	9
185	2	ITC-L06	2	13
196	2	ITC-I7	3	10
195	2	ITC-L10	2	13
194	2	ITC-I6	3	10
193	2	ITC-I5	3	10
192	2	ITC-L09	2	13
191	2	ITC-I4	3	10
190	2	ITC-I3	3	10
189	2	ITC-L08	2	13
188	2	ITC-I2	3	10
187	2	ITC-L07	2	13
186	2	ITC-I1	3	10
170	2	ITC-L02	2	13
296	2	TEST	1	1
267	2	ITC-E10PP	3	6
266	2	ITC-C8PP	1	3
265	2	ITC-C7PP	1	3
263	2	ITC-B07PP	1	2
262	2	ITC-A08	1	1
260	2	ITC-M16	2	14
259	2	ITC-M15	2	14
258	2	ITC-M14	2	14
257	2	ITC-M13	2	14
256	2	ITC-M12	2	14
255	2	ITC-M11	2	14
268	2	ITC-E11PP	3	6
269	2	ITC-F10	3	7
270	2	ITC-F11	3	7
281	2	ITC-D12	1	4
280	2	ITC-D11	1	4
279	2	ITC-D9	1	4
278	2	ITC-D8	1	4
277	2	ITC-D7	1	4
276	2	ITC-D6	1	4
275	2	ITC-D5	1	4
274	2	ITC-D4	1	4
273	2	ITC-D3	1	4
272	2	ITC-D2	1	4
271	2	ITC-D1	1	4
254	2	ITC-M10	2	14
253	2	ITC-M9	2	14
252	2	ITC-M8PP	2	14
237	2	ITC-N6	2	15
236	2	ITC-N5PP	2	15
235	2	ITC-N4	2	15
234	2	ITC-N3	2	15
233	2	ITC-J17	3	11
232	2	ITC-J16	3	11
231	2	ITC-N2	2	15
230	2	ITC-J15	3	11
229	2	ITC-N1	2	15
228	2	ITC-J14	3	11
227	2	ITC-J13	3	11
238	2	ITC-N7	2	15
239	2	ITC-N8	2	15
240	2	ITC-N9	2	15
251	2	ITC-M7PP	2	14
250	2	ITC-M6	2	14
249	2	ITC-M5	2	14
248	2	ITC-M4	2	14
247	2	ITC-M3	2	14
246	2	ITC-M2	2	14
245	2	ITC-M1	2	14
244	2	ITC-N13	2	15
243	2	ITC-N12	2	15
242	2	ITC-N11	2	15
241	2	ITC-N10	2	15
226	2	ITC-J12	3	11
113	2	ITC-F09	3	7
98	2	ITC-C11	1	3
97	2	ITC-C12	1	3
96	2	ITC-F12	3	7
95	2	ITC-C13	1	3
94	2	ITC-F16	3	7
93	2	ITC-F17	3	7
92	2	ITC-F18	3	7
91	2	ITC-L01	2	13
90	2	ITC-L16	2	13
89	2	ITC-F19	3	7
88	2	ITC-E19	3	6
99	2	ITC-C10	1	3
100	2	ITC-C09	1	3
101	2	ITC-C06	1	3
112	2	ITC-E13	3	6
111	2	ITC-E14	3	6
110	2	ITC-E15	3	6
109	2	ITC-E16	3	6
108	2	ITC-E17	3	6
107	2	ITC-E18	3	6
106	2	ITC-C01	1	3
105	2	ITC-C02	1	3
104	2	ITC-C03	1	3
103	2	ITC-C04	1	3
102	2	ITC-C05	1	3
86	2	ITC-B03	1	2
85	2	ITC-B04	1	2
69	2	ITC-A06	1	1
68	2	ITC-B01	1	2
67	2	ITC-A05	1	1
66	2	ITC-A04	1	1
65	2	ITC-A03	1	1
64	2	ITC-C14	1	3
63	2	ITC-B14	1	2
62	2	ITC-A14	1	1
61	2	ITC-A02	1	1
59	2	ITC-A01	1	1
261	2	ITC-A07	1	1
282	2	ITC-B08	1	2
72	2	ITC-A09	1	1
73	2	ITC-A10	1	1
84	2	ITC-B05	1	2
83	2	ITC-B06	1	2
82	2	ITC-B09	1	2
81	2	ITC-B10	1	2
80	2	ITC-B11	1	2
79	2	ITC-E12	3	6
78	2	ITC-B13	1	2
77	2	ITC-B12	1	2
76	2	ITC-A13	1	1
75	2	ITC-A12	1	1
74	2	ITC-A11	1	1
87	2	ITC-B02	1	2
114	2	ITC-F08	3	7
169	2	ITC-H6	3	9
154	2	ITC-G14	3	8
153	2	ITC-G13	3	8
152	2	ITC-K11	3	12
151	2	ITC-G12	3	8
150	2	ITC-K10	3	12
149	2	ITC-G11PP	3	8
148	2	ITC-G10PP	3	8
147	2	ITC-G9	3	8
146	2	ITC-K9	3	12
145	2	ITC-G8	3	8
144	2	ITC-K8	3	12
155	2	ITC-K12	3	12
156	2	ITC-G15	3	8
157	2	ITC-K13	3	12
168	2	ITC-H5	3	9
167	2	ITC-H4	3	9
166	2	ITC-H3	3	9
165	2	ITC-H2	3	9
164	2	ITC-H1	3	9
163	2	ITC-K15	3	12
162	2	ITC-G19	3	8
161	2	ITC-G18	3	8
160	2	ITC-K14	3	12
159	2	ITC-G17	3	8
158	2	ITC-G16	3	8
143	2	ITC-G7	3	8
142	2	ITC-G6	3	8
115	2	ITC-F07	3	7
128	2	ITC-E04	3	6
127	2	ITC-E05	3	6
126	2	ITC-E06	3	6
125	2	ITC-E07	3	6
123	2	ITC-E09	3	6
122	2	ITC-F01	3	7
121	2	ITC-F02	3	7
120	2	ITC-F03	3	7
118	2	ITC-F04	3	7
117	2	ITC-F05	3	7
116	2	ITC-F06	3	7
129	2	ITC-E03	3	6
130	2	ITC-E02	3	6
124	2	ITC-E08	3	6
141	2	ITC-K7	3	12
140	2	ITC-G5	3	8
139	2	ITC-G4	3	8
138	2	ITC-G3	3	8
137	2	ITC-G2	3	8
136	2	ITC-K6	3	12
135	2	ITC-G1	3	8
132	2	ITC-F15	3	7
133	2	ITC-F14	3	7
134	2	ITC-F13	3	7
131	2	ITC-E01	3	6
322	3	K203-C5	9	23
323	3	K203-C7	9	23
321	3	K203-Console2	9	23
319	3	K203-C2	9	23
318	3	K203-C1	9	23
317	3	K203-B7	8	22
316	3	K203-B6	8	22
315	3	K203-ATT	8	21
314	3	K203-PLNI01	8	21
313	3	K203-TW	8	22
312	3	K203-HTC01	8	22
324	3	K203-D1	9	24
325	3	K203-D2	9	24
336	3	K203-E6	10	25
335	3	K203-E5	10	25
334	3	K203-E4	10	25
333	3	K203-E3	10	25
332	3	K203-E2	10	25
331	3	K203-E1	10	25
330	3	K203-D7	9	24
329	3	K203-D6	9	24
328	3	K203-D5	9	24
327	3	K203-D4	9	24
326	3	K203-D3	9	24
311	3	K203-A7	8	21
310	3	K203-A6	8	21
309	3	K203-A5	8	21
60	3	K203-A1	8	21
337	3	K203-E7	10	25
307	3	K203-A3	8	21
299	3	Fiber 2	0	0
300	3	Fiber 3	0	0
301	3	Fiber 1	0	0
303	3	UTP-1	0	0
304	3	UTP-2	0	0
305	3	K203-C6	9	23
306	3	K203-A2	8	21
308	3	K203-A4	8	21
292	4	ITC312IDF-VID	0	0
287	4	ITC312IDF-PP	0	0
288	4	ITC312IDF-1	0	0
284	5	ITC212IDF-PP	0	0
285	5	ITC212IDF-1	0	0
283	5	ITC212IDF-VID	0	0
291	6	ITC412IDF-1	0	0
289	6	ITC412IDF-VID	0	0
290	6	ITC412IDF-PP	0	0
302	9	Templates	0	0
295	9	Wavecom	0	0
294	9	TW-Telecom	0	0
298	10	POST 014 BET	0	0
297	11	HIG 118 BET	0	0
